
#Aprovada 5485739579574076|12|2026|655 Code: 00 591062

#Aprovada 5485739579575768|12|2026|315 Code: 00 591476

#Aprovada 5485739579537362|12|2026|545 Code: 00 592812

#Aprovada 5485739579521853|12|2026|535 Code: 00

#Aprovada 5485739579508470|12|2026|332 Code: 00

#Aprovada 5485739579575602|12|2026|503 Code: 00 600098

#Aprovada 5485739579528304|12|2026|580 Code: 00 600347

#Aprovada 5485739579562725|12|2026|488 Code: 00 600565

#Aprovada 5485739579531571|12|2026|440 Code: 00 605280

#Aprovada 5485739579588241|12|2026|016 Code: 00

#Aprovada 5485739579536521|12|2026|764 Code: 00

#Aprovada 5485739579563038|12|2026|205 Code: 00

#Aprovada 5485739579555331|12|2026|607 Code: 00 616102

#Aprovada 5485739579560216|12|2026|501 Code: 00 619781

#Aprovada 5485739579536448|12|2026|332 Code: 00 620346

#Aprovada 5485739579568433|12|2026|861 Code: 00 621519

#Aprovada 5485739579536000|12|2026|018 Code: 00

#Aprovada 5485739579553682|12|2026|661 Code: 00 642277

#Aprovada 5485739579505187|12|2026|705 Code: 00 646104
#Aprovada 5485739579514015|12|2026|112 Code: 00 646880

#Aprovada 5485739579532264|12|2026|828 Code: 00 647018

#Aprovada 5485739579520004|12|2026|220 Code: 00

#Aprovada 5485739579578572|12|2026|661 Code: 00

#Aprovada 5485739579543188|12|2026|070 Code: 00 649719

