#Aprovada 5485739579535721|12|2026|657 
#Aprovada 5485739579523735|12|2026|345 Code: 00 761467
#Aprovada 5485739579575305|12|2026|173 Code: 00
#Aprovada 5485739579547528|12|2026|551 Code: 00 761853
#Aprovada 5485739579503174|12|2026|428 Code: 00
#Aprovada 5485739579508348|12|2026|755 Code: 00 762630
#Aprovada 5485739579556008|12|2026|270 Code: 00 762769
#Aprovada 5485739579520574|12|2026|548 Code: 00 764016
#Aprovada 5485739579580644|12|2026|578 Code: 00 764276
#Aprovada 5485739579587516|12|2026|840 Code: 00 771151
#Aprovada 5485739579570116|12|2026|164 Code: 00
#Aprovada 5485739579553344|12|2026|162 Code: 00
#Aprovada 5485739579583812|12|2026|515 Code: 00 772111
#Aprovada 5485739579514841|12|2026|411 Code: 00 772152
#Aprovada 5485739579578333|12|2026|325 Code: 00
#Aprovada 5485739579521754|12|2026|801 
#Aprovada 5485739579554185|12|2026|007 
#Aprovada 5485739579516747|12|2026|306 Code: 00
#Aprovada 5485739579574365|12|2026|585 Code: 00 773397
#Aprovada 5485739579578762|12|2026|666 Code: 00 773571
#Aprovada 5485739579511425|12|2026|726 Code: 00
#Aprovada 5485739579568284|12|2026|201 Code: 00 773991
#Aprovada 5485739579553534|12|2026|283 Code: 00
#Aprovada 5485739579542578|12|2026|471 Code: 00 774071
#Aprovada 5485739579536745|12|2026|686 Code: 00 774147
#Aprovada 5485739579586351|12|2026|228 
#Aprovada 5485739579546322|12|2026|671 Code: 00 774672
#Aprovada 5485739579514551|12|2026|770 Code: 00 774791
#Aprovada 5485739579570207|12|2026|016 
#Aprovada 5485739579570082|12|2026|118 
#Aprovada 5485739579508355|12|2026|403 