
#Aprovada 5485739579522414|12|2026|625 Code: 00 245998

#Aprovada 5485739579567765|12|2026|637 Code: 00
#Aprovada 5485739579572435|12|2026|223 
#Aprovada 5485739579564382|12|2026|702 

#Aprovada 5485739579551355|12|2026|840 Code: 00 313084

#Aprovada 5485739579508231|12|2026|388 Code: 00
#Aprovada 5485739579543501|12|2026|058 

#Aprovada 5485739579505633|12|2026|574 Code: 00 327030

#Aprovada 5485739579527876|12|2026|388 Code: 00

#Aprovada 5485739579514627|12|2026|881 Code: 00 329037

#Aprovada 5485739579567120|12|2026|207 Code: 00 329419
