5136300298861287|01|2030|000

5136300298665340|01|2030|000

5136300291334050|01|2030|000

5136300293107140|01|2030|000

5136300298384173|01|2030|000

5136300294367263|01|2030|000

5136300292527066|01|2030|000

5136300296076870|01|2030|000

5136300296404551|01|2030|000

5136300296676711|01|2030|000

5136300292603776|01|2030|000

5136300293532438|01|2030|000

5136300297017642|01|2030|000

5136300298563180|01|2030|000

5136300290277458|01|2030|000

5136300295841803|01|2030|000

5136300297604753|01|2030|000

5136300290742477|01|2030|000

5136300298182114|01|2030|000

5136300297123754|01|2030|000

5136300291272003|01|2030|000

5136300292133873|01|2030|000

5136300293870325|01|2030|000

5136300298206665|01|2030|000

5136300298807314|01|2030|000

5136300297737140|01|2030|000

5136300295328736|01|2030|000

5136300293756706|01|2030|000

5136300290825256|01|2030|000

5136300293713145|01|2030|000

5136300290303551|01|2030|000

5136300297866113|01|2030|000

5136300295173785|01|2030|000

5136300296626880|01|2030|000

5136300297041865|01|2030|000

5136300298875311|01|2030|000

5136300296554603|01|2030|000

5136300297236606|01|2030|000

5136300290803600|01|2030|000

5136300294567516|01|2030|000

5136300292553732|01|2030|000

5136300292262250|01|2030|000

5136300296384506|01|2030|000

5136300293576567|01|2030|000

5136300295772735|01|2030|000

5136300293451357|01|2030|000

5136300295117600|01|2030|000

5136300295231575|01|2030|000

5136300292072048|01|2030|000

5136300294563440|01|2030|000

5136300292538428|01|2030|000

5136300295736854|01|2030|000

5136300296271067|01|2030|000

5136300290216746|01|2030|000

5136300296214851|01|2030|000

5136300291300317|01|2030|000

5136300293820148|01|2030|000

5136300294881651|01|2030|000

5136300293404273|01|2030|000

5136300294727573|01|2030|000

5136300296324288|01|2030|000

5136300294138235|01|2030|000

5136300292866001|01|2030|000

5136300294384516|01|2030|000

5136300291461754|01|2030|000

5136300290331685|01|2030|000

5136300296734221|01|2030|000

5136300292667078|01|2030|000

5136300295341671|01|2030|000

5136300292072121|01|2030|000

5136300290582410|01|2030|000

5136300296818016|01|2030|000

5136300296280563|01|2030|000

5136300294314307|01|2030|000

5136300293786612|01|2030|000

5136300294748736|01|2030|000

5136300297864332|01|2030|000

5136300290354703|01|2030|000

5136300292840873|01|2030|000

5136300291670404|01|2030|000

5136300290330364|01|2030|000

5136300295865158|01|2030|000

5136300290508365|01|2030|000

5136300295672356|01|2030|000

5136300293128732|01|2030|000

5136300292084720|01|2030|000

5136300297577868|01|2030|000

5136300290676311|01|2030|000

5136300295803043|01|2030|000

5136300296877616|01|2030|000

5136300291473767|01|2030|000

5136300297523268|01|2030|000

5136300298026444|01|2030|000

5136300293388211|01|2030|000

5136300298674631|01|2030|000

5136300292342367|01|2030|000

5136300293168365|01|2030|000

5136300292141033|01|2030|000

5136300296871684|01|2030|000

5136300296763873|01|2030|000

5136300297456808|01|2030|000

5136300295538466|01|2030|000

5136300290887017|01|2030|000

5136300293414231|01|2030|000

5136300290440700|01|2030|000

5136300294128350|01|2030|000

5136300296583065|01|2030|000

5136300298117136|01|2030|000

5136300290810308|01|2030|000

5136300290830686|01|2030|000

5136300290888841|01|2030|000

5136300290837343|01|2030|000

5136300290865476|01|2030|000

5136300290856483|01|2030|000

5136300290851252|01|2030|000

5136300290847730|01|2030|000

5136300290867688|01|2030|000

5136300290845015|01|2030|000

5136300290886555|01|2030|000

5136300290877687|01|2030|000

5136300290837343|01|2030|000

5136300290827385|01|2030|000

5136300290888684|01|2030|000

5136300290800267|01|2030|000

5136300290827468|01|2030|000

5136300290870203|01|2030|000

5136300290852144|01|2030|000

5136300290865476|01|2030|000

5136300290828516|01|2030|000

5136300290802040|01|2030|000

5136300290856210|01|2030|000

5136300290841022|01|2030|000

5136300290837343|01|2030|000

5136300290854785|01|2030|000

5136300290823715|01|2030|000

5136300290848464|01|2030|000

5136300290808088|01|2030|000

5136300290847730|01|2030|000

5136300290842186|01|2030|000

5136300290858182|01|2030|000

5136300290822071|01|2030|000

5136300290857374|01|2030|000

5136300290830843|01|2030|000

5136300290888841|01|2030|000

5136300290878610|01|2030|000

5136300290862887|01|2030|000

5136300290867688|01|2030|000

5136300290822741|01|2030|000

5136300290845015|01|2030|000

5136300290835131|01|2030|000

5136300290827708|01|2030|000

5136300290835487|01|2030|000

5136300290817311|01|2030|000

5136300290824010|01|2030|000

5136300290856483|01|2030|000

5136300290812007|01|2030|000

5136300290823475|01|2030|000

5136300290886555|01|2030|000

5136300290881754|01|2030|000

5136300290838820|01|2030|000

5136300290855832|01|2030|000

5136300290874460|01|2030|000

5136300290838077|01|2030|000

5136300290805308|01|2030|000

5136300290801315|01|2030|000

5136300290860162|01|2030|000

5136300290811546|01|2030|000

5136300290833862|01|2030|000

5136300290811033|01|2030|000

5136300290856806|01|2030|000

5136300290834241|01|2030|000

5136300290827625|01|2030|000

5136300290801075|01|2030|000

5136300290827385|01|2030|000

5136300290866441|01|2030|000

5136300290877216|01|2030|000

5136300290806116|01|2030|000

5136300290832468|01|2030|000

5136300290843317|01|2030|000

5136300290858265|01|2030|000

5136300290814482|01|2030|000

5136300290876671|01|2030|000

5136300290885821|01|2030|000

5136300290868652|01|2030|000

5136300290825843|01|2030|000

5136300290836618|01|2030|000

5136300290813245|01|2030|000

5136300290858448|01|2030|000

5136300290837426|01|2030|000

5136300290820455|01|2030|000

5136300290832856|01|2030|000

5136300290877802|01|2030|000

5136300290801232|01|2030|000

5136300290875863|01|2030|000

5136300290851252|01|2030|000

5136300290836881|01|2030|000

5136300290867175|01|2030|000

5136300290800424|01|2030|000

5136300290888684|01|2030|000

5136300290805225|01|2030|000

5136300290862457|01|2030|000

5136300290810654|01|2030|000

5136300290861053|01|2030|000

5136300290868223|01|2030|000

5136300290858505|01|2030|000

5136300290808328|01|2030|000

5136300293432134|01|2030|000

5136300293411138|01|2030|000

5136300293407607|01|2030|000

5136300293458444|01|2030|000

5136300293427803|01|2030|000

5136300293426086|01|2030|000

5136300293421285|01|2030|000

5136300293465308|01|2030|000

5136300293465571|01|2030|000

5136300293417333|01|2030|000

5136300293471116|01|2030|000

5136300293464764|01|2030|000

5136300293460853|01|2030|000

5136300293420717|01|2030|000

5136300293415204|01|2030|000

5136300293467353|01|2030|000

5136300293455341|01|2030|000

5136300293455853|01|2030|000

5136300293434775|01|2030|000

5136300293445623|01|2030|000